Precision:  0.6486486486486487
Recall:  0.5454545454545454
dataset size:  1697
sum:  1697
tp:  120
fp:  65
tn:  1412
fn:  100
F1 score:  0.5925925925925926

BACC = [(tp/tp+fp) + (tn/tn+fn)] / 2
BACC = [(120/120+65) + (1412/1412+100)] / 2
BACC = 79.1255
