Precision:  0.6756756756756757
Recall:  0.5681818181818182
dataset size:  1697
sum:  1697
F1 score:  0.617283950617284
