Precision:  0.6702702702702703
Recall:  0.5636363636363636
dataset size:  1697
sum:  1697
tp:  124
fp:  61
tn:  1416
fn:  96
F1 score:  0.6123456790123456

BACC = [(tp/tp+fp) + (tn/tn+fn)] / 2
BACC = [(124/124+61) + (1416/1416+96)] / 2
BACC = 80.3389
