Precision:  0.6994535519125683
Recall:  0.5818181818181818
dataset size:  1221
sum:  1221
F1 score:  0.6352357320099256

