Precision:  0.6554054054054054
Recall:  0.4409090909090909
dataset size:  1697
sum:  1697
tp:  97
fp:  51
tn:  1426
fn:  123
F1 score:  0.5271739130434783

BACC = [(tp/tp+fp) + (tn/tn+fn)] / 2
BACC = [(97/97+51) + (1426/1426+123)] / 2
BACC = 78.799
